waypoints:
- latitude: -32.916371860785205
  longitude: 151.7600137173345
  yaw: -2.9325019558283945
- latitude: -32.916527158881884
  longitude: 151.7600138913794
  yaw: -1.0702487667414806
- latitude: -32.916495022778115
  longitude: 151.76038560249546
  yaw: 0.28706128994492097
