CAMERA PARAMS FROM 'camera_calibration' pkg. using a 10x7 chessboard 50mm squares

mono pinhole calibration...
D = [-0.1950356958649444, 0.1383504196472886, 0.0002563441895758756, -0.0003855201794363196, 0.0]
K = [2585.8849514873077, 0.0, 1495.8212207667002, 0.0, 2594.1433908794033, 973.2642905461533, 0.0, 0.0, 1.0]
R = [1.0, 0.0, 0.0, 0.0, 1.0, 0.0, 0.0, 0.0, 1.0]
P = [2441.3583984375, 0.0, 1490.9699060178827, 0.0, 0.0, 2518.69384765625, 970.4336247578613, 0.0, 0.0, 0.0, 1.0, 0.0]
None
# oST version 5.0 parameters


[image]

width
3072

height
2048

[narrow_stereo]

camera matrix
2585.884951 0.000000 1495.821221
0.000000 2594.143391 973.264291
0.000000 0.000000 1.000000

distortion
-0.195036 0.138350 0.000256 -0.000386 0.000000

rectification
1.000000 0.000000 0.000000
0.000000 1.000000 0.000000
0.000000 0.000000 1.000000

projection
2441.358398 0.000000 1490.969906 0.000000
0.000000 2518.693848 970.433625 0.000000
0.000000 0.000000 1.000000 0.000000
